1 ȸ : 10 23 29 33 37 40 16 
2 ȸ : 9 13 21 25 32 42 2 
3 ȸ : 11 16 19 21 27 31 30 
4 ȸ : 14 27 30 31 40 42 2 
5 ȸ : 16 24 29 40 41 42 3 
6 ȸ : 14 15 26 27 40 42 34 
7 ȸ : 2 9 16 25 26 40 42 
8 ȸ : 8 19 25 34 37 39 9 
9 ȸ : 2 4 16 17 36 39 14 
10 ȸ : 9 25 30 33 41 44 6 
11 ȸ : 1 7 36 37 41 42 14 
12 ȸ : 2 11 21 25 39 45 44 
13 ȸ : 22 23 25 37 38 42 26 
14 ȸ : 2 6 12 31 33 40 15 
15 ȸ : 3 4 16 30 31 37 13 
16 ȸ : 6 7 24 37 38 40 33 
17 ȸ : 3 4 9 17 32 37 1 
18 ȸ : 3 12 13 19 32 35 29 
19 ȸ : 6 30 38 39 40 43 26 
20 ȸ : 10 14 18 20 23 30 41 
21 ȸ : 6 12 17 18 31 32 21 
22 ȸ : 4 5 6 8 17 39 25 
23 ȸ : 5 13 17 18 33 42 44 
24 ȸ : 7 8 27 29 36 43 6 
25 ȸ : 2 4 21 26 43 44 16 
26 ȸ : 4 5 7 18 20 25 31 
27 ȸ : 1 20 26 28 37 43 27 
28 ȸ : 9 18 23 25 35 37 1 
29 ȸ : 1 5 13 34 39 40 11 
30 ȸ : 8 17 20 35 36 44 4 
31 ȸ : 7 9 18 23 28 35 32 
32 ȸ : 6 14 19 25 34 44 11 
33 ȸ : 4 7 32 33 40 41 9 
34 ȸ : 9 26 35 37 40 42 2 
35 ȸ : 2 3 11 26 37 43 39 
36 ȸ : 1 10 23 26 28 40 31 
37 ȸ : 7 27 30 33 35 37 42 
38 ȸ : 16 17 22 30 37 43 36 
39 ȸ : 6 7 13 15 21 43 8 
40 ȸ : 7 13 18 19 25 26 6 
41 ȸ : 13 20 23 35 38 43 34 
42 ȸ : 17 18 19 21 23 32 1 
43 ȸ : 6 31 35 38 39 44 1 
44 ȸ : 3 11 21 30 38 45 39 
45 ȸ : 1 10 20 27 33 35 17 
46 ȸ : 8 13 15 23 31 38 39 
47 ȸ : 14 17 26 31 36 45 27 
48 ȸ : 6 10 18 26 37 38 3 
49 ȸ : 4 7 16 19 33 40 30 
50 ȸ : 2 10 12 15 22 44 1 
51 ȸ : 2 3 11 16 26 44 35 
52 ȸ : 2 4 15 16 20 29 1 
53 ȸ : 7 8 14 32 33 39 42 
54 ȸ : 1 8 21 27 36 39 37 
55 ȸ : 17 21 31 37 40 44 7 
56 ȸ : 10 14 30 31 33 37 19 
57 ȸ : 7 10 16 25 29 44 6 
58 ȸ : 10 24 25 33 40 44 1 
59 ȸ : 6 29 36 39 41 45 13 
60 ȸ : 2 8 25 36 39 42 11 
61 ȸ : 14 15 19 30 38 43 8 
62 ȸ : 3 8 15 27 29 35 21 
63 ȸ : 3 20 23 36 38 40 5 
64 ȸ : 14 15 18 21 26 36 39 
65 ȸ : 4 25 33 36 40 43 39 
66 ȸ : 2 3 7 17 22 24 45 
67 ȸ : 3 7 10 15 36 38 33 
68 ȸ : 10 12 15 16 26 39 38 
69 ȸ : 5 8 14 15 19 39 35 
70 ȸ : 5 19 22 25 28 43 26 
71 ȸ : 5 9 12 16 29 41 21 
72 ȸ : 2 4 11 17 26 27 1 
73 ȸ : 3 12 18 32 40 43 38 
74 ȸ : 6 15 17 18 35 40 23 
75 ȸ : 2 5 24 32 34 44 28 
76 ȸ : 1 3 15 22 25 37 43 
77 ȸ : 2 18 29 32 43 44 37 
78 ȸ : 10 13 25 29 33 35 38 
79 ȸ : 3 12 24 27 30 32 14 
80 ȸ : 17 18 24 25 26 30 1 
81 ȸ : 5 7 11 13 20 33 6 
82 ȸ : 1 2 3 14 27 42 39 
83 ȸ : 6 10 15 17 19 34 14 
84 ȸ : 16 23 27 34 42 45 11 
85 ȸ : 6 8 13 23 31 36 21 
86 ȸ : 2 12 37 39 41 45 33 
87 ȸ : 4 12 16 23 34 43 26 
88 ȸ : 1 17 20 24 30 41 27 
89 ȸ : 4 26 28 29 33 40 37 
90 ȸ : 17 20 29 35 38 44 10 
91 ȸ : 1 21 24 26 29 42 27 
92 ȸ : 3 14 24 33 35 36 17 
93 ȸ : 6 22 24 36 38 44 19 
94 ȸ : 5 32 34 40 41 45 6 
95 ȸ : 8 17 27 31 34 43 14 
96 ȸ : 1 3 8 21 22 31 20 
97 ȸ : 6 7 14 15 20 36 3 
98 ȸ : 6 9 16 23 24 32 43 
99 ȸ : 1 3 10 27 29 37 11 
100 ȸ : 1 7 11 23 37 42 6 
101 ȸ : 1 3 17 32 35 45 8 
102 ȸ : 17 22 24 26 35 40 42 
103 ȸ : 5 14 15 27 30 45 10 
104 ȸ : 17 32 33 34 42 44 35 
105 ȸ : 8 10 20 34 41 45 28 
106 ȸ : 4 10 12 22 24 33 29 
107 ȸ : 1 4 5 6 9 31 17 
108 ȸ : 7 18 22 23 29 44 12 
109 ȸ : 1 5 34 36 42 44 33 
110 ȸ : 7 20 22 23 29 43 1 
111 ȸ : 7 18 31 33 36 40 27 
112 ȸ : 26 29 30 33 41 42 43 
113 ȸ : 4 9 28 33 36 45 26 
114 ȸ : 11 14 19 26 28 41 2 
115 ȸ : 1 2 6 9 25 28 31 
116 ȸ : 2 4 25 31 34 37 17 
117 ȸ : 5 10 22 34 36 44 35 
118 ȸ : 3 4 10 17 19 22 38 
119 ȸ : 3 11 13 14 17 21 38 
120 ȸ : 4 6 10 11 32 37 30 
121 ȸ : 12 28 30 34 38 43 9 
122 ȸ : 1 11 16 17 36 40 8 
123 ȸ : 7 17 18 28 30 45 27 
124 ȸ : 4 16 23 25 29 42 1 
125 ȸ : 2 8 32 33 35 36 18 
126 ȸ : 7 20 22 27 40 43 1 
127 ȸ : 3 5 10 29 32 43 35 
128 ȸ : 12 30 34 36 37 45 39 
129 ȸ : 19 23 25 28 38 42 17 
130 ȸ : 7 19 24 27 42 45 31 
131 ȸ : 8 10 11 14 15 21 37 
132 ȸ : 3 17 23 34 41 45 43 
133 ȸ : 4 7 15 18 23 26 13 
134 ȸ : 3 12 20 23 31 35 43 
135 ȸ : 6 14 22 28 35 39 16 
136 ȸ : 2 16 30 36 41 42 11 
137 ȸ : 7 9 20 25 36 39 15 
138 ȸ : 10 11 27 28 37 39 19 
139 ȸ : 9 11 15 20 28 43 13 
140 ȸ : 3 13 17 18 19 28 8 
141 ȸ : 8 12 29 31 42 43 2 
142 ȸ : 12 16 30 34 40 44 19 
143 ȸ : 26 27 28 42 43 45 8 
144 ȸ : 4 15 17 26 36 37 43 
145 ȸ : 2 3 13 20 27 44 9 
146 ȸ : 2 19 27 35 41 42 25 
147 ȸ : 4 6 13 21 40 42 36 
148 ȸ : 21 25 33 34 35 36 17 
149 ȸ : 2 11 21 34 41 42 27 
150 ȸ : 2 18 25 28 37 39 16 
151 ȸ : 1 2 10 13 18 19 15 
152 ȸ : 1 5 13 26 29 34 43 
153 ȸ : 3 8 11 12 13 36 33 
154 ȸ : 6 19 21 35 40 45 20 
155 ȸ : 16 19 20 32 33 41 4 
156 ȸ : 5 18 28 30 42 45 2 
157 ȸ : 19 26 30 33 35 39 37 
158 ȸ : 4 9 13 18 21 34 7 
159 ȸ : 1 18 30 41 42 43 32 
160 ȸ : 3 7 8 34 39 41 1 
161 ȸ : 22 34 36 40 42 45 44 
162 ȸ : 1 5 21 25 38 41 24 
163 ȸ : 7 11 26 28 29 44 16 
164 ȸ : 6 9 10 11 39 41 27 
165 ȸ : 5 13 18 19 22 42 31 
166 ȸ : 9 12 27 36 39 45 14 
167 ȸ : 24 27 28 30 36 39 4 
168 ȸ : 3 10 31 40 42 43 30 
169 ȸ : 16 27 35 37 43 45 19 
170 ȸ : 2 11 13 15 31 42 10 
171 ȸ : 4 16 25 29 34 35 1 
172 ȸ : 4 19 21 24 26 41 35 
173 ȸ : 3 9 24 30 33 34 18 
174 ȸ : 13 14 18 22 35 39 16 
175 ȸ : 19 26 28 31 33 36 17 
176 ȸ : 4 17 30 32 33 34 15 
177 ȸ : 1 10 13 16 37 43 6 
178 ȸ : 1 5 11 12 18 23 9 
179 ȸ : 5 9 17 25 39 43 32 
180 ȸ : 2 15 20 21 29 34 22 
181 ȸ : 14 21 23 32 40 45 44 
182 ȸ : 13 15 27 29 34 40 35 
183 ȸ : 2 18 24 34 40 42 5 
184 ȸ : 1 2 6 16 20 33 41 
185 ȸ : 1 2 4 8 19 38 14 
186 ȸ : 4 10 14 19 21 45 9 
187 ȸ : 1 2 8 18 29 38 42 
188 ȸ : 19 24 27 30 31 34 36 
189 ȸ : 8 14 32 35 37 45 28 
190 ȸ : 8 14 18 30 31 44 15 
191 ȸ : 5 6 24 25 32 37 8 
192 ȸ : 4 8 11 18 37 45 33 
193 ȸ : 6 14 18 26 36 39 13 
194 ȸ : 15 20 23 26 39 44 28 
195 ȸ : 7 10 19 22 35 40 31 
196 ȸ : 35 36 37 41 44 45 30 
197 ȸ : 7 12 16 34 42 45 4 
198 ȸ : 12 19 20 25 41 45 2 
199 ȸ : 14 21 22 25 30 36 43 
200 ȸ : 5 6 13 14 17 20 7 
201 ȸ : 3 11 24 38 39 44 26 
202 ȸ : 12 14 27 33 39 44 17 
203 ȸ : 1 3 11 24 30 32 7 
204 ȸ : 3 12 14 35 40 45 5 
205 ȸ : 1 3 21 29 35 37 30 
206 ȸ : 1 2 3 15 20 25 43 
207 ȸ : 3 11 14 31 32 37 38 
208 ȸ : 14 25 31 34 40 44 24 
209 ȸ : 2 7 18 20 24 33 37 
210 ȸ : 10 19 22 23 25 37 39 
211 ȸ : 12 13 17 20 33 41 8 
212 ȸ : 11 12 18 21 31 38 8 
213 ȸ : 2 3 4 5 20 24 42 
214 ȸ : 5 7 20 25 28 37 32 
215 ȸ : 2 3 7 15 43 44 4 
216 ȸ : 7 16 17 33 36 40 1 
217 ȸ : 16 20 27 33 35 39 38 
218 ȸ : 1 8 14 18 29 44 20 
219 ȸ : 4 11 20 26 35 37 16 
220 ȸ : 5 11 19 21 34 43 31 
221 ȸ : 2 20 33 35 37 40 10 
222 ȸ : 5 7 28 29 39 43 44 
223 ȸ : 1 3 18 20 26 27 38 
224 ȸ : 4 19 26 27 30 42 7 
225 ȸ : 5 11 13 19 31 36 7 
226 ȸ : 2 6 8 14 21 22 34 
227 ȸ : 4 5 15 16 22 42 2 
228 ȸ : 17 25 35 36 39 44 23 
229 ȸ : 4 5 9 11 23 38 35 
230 ȸ : 5 11 14 29 32 33 12 
231 ȸ : 5 10 19 31 44 45 27 
232 ȸ : 8 9 10 12 24 44 35 
233 ȸ : 4 6 13 17 28 40 39 
234 ȸ : 13 21 22 24 26 37 4 
235 ȸ : 21 22 26 27 31 37 8 
236 ȸ : 1 4 8 13 37 39 7 
237 ȸ : 1 11 17 21 24 44 33 
238 ȸ : 2 4 15 28 31 34 35 
239 ȸ : 11 15 24 39 41 44 7 
240 ȸ : 6 10 16 40 41 43 21 
241 ȸ : 2 16 24 27 28 35 21 
242 ȸ : 4 19 20 21 32 34 43 
243 ȸ : 2 12 17 19 28 42 34 
244 ȸ : 13 16 25 36 37 38 19 
245 ȸ : 9 11 27 31 32 38 22 
246 ȸ : 13 18 21 23 26 39 15 
247 ȸ : 12 15 28 36 39 40 13 
248 ȸ : 3 8 17 23 38 45 13 
249 ȸ : 3 8 27 31 41 44 11 
250 ȸ : 19 23 30 37 43 45 38 
251 ȸ : 6 7 19 25 28 38 45 
252 ȸ : 14 23 26 31 39 45 28 
253 ȸ : 8 19 25 31 34 36 33 
254 ȸ : 1 5 19 20 24 30 27 
255 ȸ : 1 5 6 24 27 42 32 
256 ȸ : 4 11 14 21 23 43 32 
257 ȸ : 6 13 27 31 32 37 4 
258 ȸ : 14 27 30 31 38 40 17 
259 ȸ : 4 5 14 35 42 45 34 
260 ȸ : 7 12 15 24 37 40 43 
261 ȸ : 6 11 16 18 31 43 2 
262 ȸ : 9 12 24 25 29 31 36 
263 ȸ : 1 27 28 32 37 40 18 
264 ȸ : 9 16 27 36 41 44 5 
265 ȸ : 5 9 34 37 38 39 12 
266 ȸ : 3 4 9 11 22 42 37 
267 ȸ : 7 8 24 34 36 41 1 
268 ȸ : 3 10 19 24 32 45 12 
269 ȸ : 5 18 20 36 42 43 32 
270 ȸ : 5 9 12 20 21 26 27 
271 ȸ : 3 8 9 27 29 40 36 
272 ȸ : 7 9 12 27 39 43 28 
273 ȸ : 1 8 24 31 34 44 6 
274 ȸ : 13 14 15 26 35 39 25 
275 ȸ : 14 19 20 35 38 40 26 
276 ȸ : 4 15 21 33 39 41 25 
277 ȸ : 10 12 13 15 25 29 20 
278 ȸ : 3 11 37 39 41 43 13 
279 ȸ : 7 16 31 36 37 38 11 
280 ȸ : 10 11 23 24 36 37 35 
281 ȸ : 1 3 4 6 14 41 12 
282 ȸ : 2 5 10 18 31 32 30 
283 ȸ : 6 8 18 31 38 45 42 
284 ȸ : 2 7 15 24 30 45 28 
285 ȸ : 13 33 37 40 41 45 2 
286 ȸ : 1 15 19 40 42 44 17 
287 ȸ : 6 12 24 27 35 37 41 
288 ȸ : 1 12 17 28 35 41 10 
289 ȸ : 3 14 33 37 38 42 10 
290 ȸ : 8 13 18 32 39 45 7 
291 ȸ : 3 7 8 18 20 42 45 
292 ȸ : 17 18 31 32 33 34 10 
293 ȸ : 1 9 17 21 29 33 24 
294 ȸ : 6 10 17 30 37 38 40 
295 ȸ : 1 4 12 16 18 38 8 
296 ȸ : 3 8 15 27 30 45 44 
297 ȸ : 6 11 19 20 28 32 34 
298 ȸ : 5 9 27 29 37 40 19 
299 ȸ : 1 3 20 25 36 45 24 
300 ȸ : 7 9 10 12 26 38 39 
301 ȸ : 7 11 13 33 37 43 26 
302 ȸ : 13 19 20 32 38 42 4 
303 ȸ : 2 14 17 30 38 45 43 
304 ȸ : 4 10 16 26 33 41 38 
305 ȸ : 7 8 18 21 23 39 9 
306 ȸ : 4 18 23 30 34 41 19 
307 ȸ : 5 15 21 23 25 45 12 
308 ȸ : 14 15 17 19 37 45 40 
309 ȸ : 1 2 5 11 18 36 22 
310 ȸ : 1 5 19 28 34 41 16 
311 ȸ : 4 12 24 27 28 32 10 
312 ȸ : 2 3 5 6 12 20 25 
313 ȸ : 9 17 34 35 43 45 2 
314 ȸ : 15 17 19 34 38 41 2 
315 ȸ : 1 13 33 35 43 45 23 
316 ȸ : 10 11 21 27 31 39 43 
317 ȸ : 3 10 11 22 36 39 8 
318 ȸ : 2 17 19 20 34 45 21 
319 ȸ : 5 8 22 28 33 42 37 
320 ȸ : 16 19 23 25 41 45 3 
321 ȸ : 12 18 20 21 25 34 42 
322 ȸ : 9 18 29 32 38 43 20 
323 ȸ : 10 14 15 32 36 42 3 
324 ȸ : 2 4 21 25 33 36 17 
325 ȸ : 7 17 20 32 44 45 33 
326 ȸ : 16 23 25 33 36 39 40 
327 ȸ : 6 12 13 17 32 44 24 
328 ȸ : 1 6 9 16 17 28 24 
329 ȸ : 9 17 19 30 35 42 4 
330 ȸ : 3 4 16 17 19 20 23 
331 ȸ : 4 9 14 26 31 44 39 
332 ȸ : 16 17 34 36 42 45 3 
333 ȸ : 5 14 27 30 39 43 35 
334 ȸ : 13 15 21 29 39 43 33 
335 ȸ : 5 9 16 23 26 45 21 
336 ȸ : 3 5 20 34 35 44 16 
337 ȸ : 1 5 14 18 32 37 4 
338 ȸ : 2 13 34 38 42 45 16 
339 ȸ : 6 8 14 21 30 37 45 
340 ȸ : 18 24 26 29 34 38 32 
341 ȸ : 1 8 19 34 39 43 41 
342 ȸ : 1 13 14 33 34 43 25 
343 ȸ : 1 10 17 29 31 43 15 
344 ȸ : 1 2 15 28 34 45 38 
345 ȸ : 15 20 23 29 39 42 2 
346 ȸ : 5 13 14 22 44 45 33 
347 ȸ : 3 8 13 27 32 42 10 
348 ȸ : 3 14 17 20 24 31 34 
349 ȸ : 5 13 14 20 24 25 36 
350 ȸ : 1 8 18 24 29 33 35 
351 ȸ : 5 25 27 29 34 36 33 
352 ȸ : 5 16 17 20 26 41 24 
353 ȸ : 11 16 19 22 29 36 26 
354 ȸ : 14 19 36 43 44 45 1 
355 ȸ : 5 8 29 30 35 44 38 
356 ȸ : 2 8 14 25 29 45 24 
357 ȸ : 10 14 18 21 36 37 5 
358 ȸ : 1 9 10 12 21 40 37 
359 ȸ : 1 10 19 20 24 40 23 
360 ȸ : 4 16 23 25 35 40 27 
361 ȸ : 5 10 16 24 27 35 33 
362 ȸ : 2 3 22 27 30 40 29 
363 ȸ : 11 12 14 21 32 38 6 
364 ȸ : 2 5 7 14 16 40 4 
365 ȸ : 5 15 21 25 26 30 31 
366 ȸ : 5 12 19 26 27 44 38 
367 ȸ : 3 22 25 29 32 44 19 
368 ȸ : 11 21 24 30 39 45 26 
369 ȸ : 17 20 35 36 41 43 21 
370 ȸ : 16 18 24 42 44 45 17 
371 ȸ : 7 9 15 26 27 42 18 
372 ȸ : 8 11 14 16 18 21 13 
373 ȸ : 15 26 37 42 43 45 9 
374 ȸ : 11 13 15 17 25 34 26 
375 ȸ : 4 8 19 25 27 45 7 
376 ȸ : 1 11 13 24 28 40 7 
377 ȸ : 6 22 29 37 43 45 23 
378 ȸ : 5 22 29 31 34 39 43 
379 ȸ : 6 10 22 31 35 40 19 
380 ȸ : 1 2 8 17 26 37 27 
381 ȸ : 1 5 10 12 16 20 11 
382 ȸ : 10 15 22 24 27 42 19 
383 ȸ : 4 15 28 33 37 40 25 
384 ȸ : 11 22 24 32 36 38 7 
385 ȸ : 7 12 19 21 29 32 9 
386 ȸ : 4 7 10 19 31 40 26 
387 ȸ : 1 26 31 34 40 43 20 
388 ȸ : 1 8 9 17 29 32 45 
389 ȸ : 7 16 18 20 23 26 3 
390 ȸ : 16 17 28 37 39 40 15 
391 ȸ : 10 11 18 22 28 39 30 
392 ȸ : 1 3 7 8 24 42 43 
393 ȸ : 9 16 28 40 41 43 21 
394 ȸ : 1 13 20 22 25 28 15 
395 ȸ : 11 15 20 26 31 35 7 
396 ȸ : 18 20 31 34 40 45 30 
397 ȸ : 12 13 17 22 25 33 8 
398 ȸ : 10 15 20 23 42 44 7 
399 ȸ : 1 2 9 17 19 42 20 
400 ȸ : 9 21 27 34 41 43 2 
401 ȸ : 6 12 18 31 38 43 9 
402 ȸ : 5 9 15 19 22 36 32 
403 ȸ : 10 14 22 24 28 37 26 
404 ȸ : 5 20 21 24 33 40 36 
405 ȸ : 1 2 10 25 26 44 4 
406 ȸ : 7 12 21 24 27 36 45 
407 ȸ : 6 7 13 16 24 25 1 
408 ȸ : 9 20 21 22 30 37 16 
409 ȸ : 6 9 21 31 32 40 38 
410 ȸ : 1 3 18 32 40 41 16 
411 ȸ : 11 14 22 35 37 39 5 
412 ȸ : 4 7 39 41 42 45 40 
413 ȸ : 2 9 15 23 34 40 3 
414 ȸ : 2 14 15 22 23 44 43 
415 ȸ : 7 17 20 26 30 40 24 
416 ȸ : 5 6 8 11 22 26 44 
417 ȸ : 4 5 14 20 22 43 44 
418 ȸ : 11 13 15 26 28 34 31 
419 ȸ : 2 11 13 14 28 30 7 
420 ȸ : 4 9 10 29 31 34 27 
421 ȸ : 6 11 26 27 28 44 30 
422 ȸ : 8 15 19 21 34 44 12 
423 ȸ : 1 17 27 28 29 40 5 
424 ȸ : 10 11 26 31 34 44 30 
425 ȸ : 8 10 14 27 33 38 3 
426 ȸ : 4 17 18 27 39 43 19 
427 ȸ : 6 7 15 24 28 30 21 
428 ȸ : 12 16 19 22 37 40 8 
429 ȸ : 3 23 28 34 39 42 16 
430 ȸ : 1 3 16 18 30 34 44 
431 ȸ : 18 22 25 31 38 45 6 
432 ȸ : 2 3 5 11 27 39 33 
433 ȸ : 19 23 29 33 35 43 27 
434 ȸ : 3 13 20 24 33 37 35 
435 ȸ : 8 16 26 30 38 45 42 
436 ȸ : 9 14 20 22 33 34 28 
437 ȸ : 11 16 29 38 41 44 21 
438 ȸ : 6 12 20 26 29 38 45 
439 ȸ : 17 20 30 31 37 40 25 
440 ȸ : 10 22 28 34 36 44 2 
441 ȸ : 1 23 28 30 34 35 9 
442 ȸ : 25 27 29 36 38 40 41 
443 ȸ : 4 6 10 19 20 44 14 
444 ȸ : 11 13 23 35 43 45 17 
445 ȸ : 13 20 21 30 39 45 32 
446 ȸ : 1 11 12 14 26 35 6 
447 ȸ : 2 7 8 9 17 33 34 
448 ȸ : 3 7 13 27 40 41 36 
449 ȸ : 3 10 20 26 35 43 36 
450 ȸ : 6 14 19 21 23 31 13 
451 ȸ : 12 15 20 24 30 38 29 
452 ȸ : 8 10 18 30 32 34 27 
453 ȸ : 12 24 33 38 40 42 30 
454 ȸ : 13 25 27 34 38 41 10 
455 ȸ : 4 19 20 26 30 35 24 
456 ȸ : 1 7 12 18 23 27 44 
457 ȸ : 8 10 18 23 27 40 33 
458 ȸ : 4 9 10 32 36 40 18 
459 ȸ : 4 6 10 14 25 40 12 
460 ȸ : 8 11 28 30 43 45 41 
461 ȸ : 11 18 26 31 37 40 43 
462 ȸ : 3 20 24 32 37 45 4 
463 ȸ : 23 29 31 33 34 44 40 
464 ȸ : 6 12 15 34 42 44 4 
465 ȸ : 1 8 11 13 22 38 31 
466 ȸ : 4 10 13 23 32 44 20 
467 ȸ : 2 12 14 17 24 40 39 
468 ȸ : 8 13 15 28 37 43 17 
469 ȸ : 4 21 22 34 37 38 33 
470 ȸ : 10 16 20 39 41 42 27 
471 ȸ : 6 13 29 37 39 41 43 
472 ȸ : 16 25 26 31 36 43 44 
473 ȸ : 8 13 20 22 23 36 34 
474 ȸ : 4 13 18 31 33 45 43 
475 ȸ : 1 9 14 16 21 29 3 
476 ȸ : 9 12 13 15 37 38 27 
477 ȸ : 14 25 29 32 33 45 37 
478 ȸ : 18 29 30 37 39 43 8 
479 ȸ : 8 23 25 27 35 44 24 
480 ȸ : 3 5 10 17 30 31 16 
481 ȸ : 3 4 23 29 40 41 20 
482 ȸ : 1 10 16 24 25 35 43 
483 ȸ : 12 15 19 22 28 34 5 
484 ȸ : 1 3 27 28 32 45 11 
485 ȸ : 17 22 26 27 36 39 20 
486 ȸ : 1 2 23 25 38 40 43 
487 ȸ : 4 8 25 27 37 41 21 
488 ȸ : 2 8 17 30 31 38 25 
489 ȸ : 2 4 8 15 20 27 11 
490 ȸ : 2 7 26 29 40 43 42 
491 ȸ : 8 17 35 36 39 42 4 
492 ȸ : 22 27 31 35 37 40 42 
493 ȸ : 20 22 26 33 36 37 25 
494 ȸ : 5 7 8 15 30 43 22 
495 ȸ : 4 13 22 27 34 44 6 
496 ȸ : 4 13 20 29 36 41 39 
497 ȸ : 19 20 23 24 43 44 13 
498 ȸ : 13 14 24 32 39 41 3 
499 ȸ : 5 20 23 27 35 40 43 
500 ȸ : 3 4 12 20 24 34 41 
501 ȸ : 1 4 10 17 31 42 2 
502 ȸ : 6 22 28 32 34 40 26 
503 ȸ : 1 5 27 30 34 36 40 
504 ȸ : 6 14 22 26 43 44 31 
505 ȸ : 7 20 22 25 38 40 44 
506 ȸ : 6 9 11 22 24 30 31 
507 ȸ : 12 13 32 33 40 41 4 
508 ȸ : 5 27 31 34 35 43 37 
509 ȸ : 12 25 29 35 42 43 24 
510 ȸ : 12 29 32 33 39 40 42 
511 ȸ : 3 7 14 23 26 42 24 
512 ȸ : 4 5 9 13 26 27 1 
513 ȸ : 5 8 21 23 27 33 12 
514 ȸ : 1 15 20 26 35 42 9 
515 ȸ : 2 11 12 15 23 37 8 
516 ȸ : 2 8 23 41 43 44 30 
517 ȸ : 1 9 12 28 36 41 10 
518 ȸ : 14 23 30 32 34 38 6 
519 ȸ : 6 8 13 16 30 43 3 
520 ȸ : 4 22 27 28 38 40 1 
521 ȸ : 3 7 18 29 32 36 19 
522 ȸ : 4 5 13 14 37 41 11 
523 ȸ : 1 4 37 38 40 45 7 
524 ȸ : 10 11 29 38 41 45 21 
525 ȸ : 11 23 26 29 39 44 22 
526 ȸ : 7 14 17 20 35 39 31 
527 ȸ : 1 12 22 32 33 42 38 
528 ȸ : 5 17 25 31 39 40 10 
529 ȸ : 18 20 24 27 31 42 39 
530 ȸ : 16 23 27 29 33 41 22 
531 ȸ : 1 5 9 21 27 35 45 
532 ȸ : 16 17 23 24 29 44 3 
533 ȸ : 9 14 15 17 31 33 23 
534 ȸ : 10 24 26 29 37 38 32 
535 ȸ : 11 12 14 15 18 39 34 
536 ȸ : 7 8 18 32 37 43 12 
537 ȸ : 12 23 26 30 36 43 11 
538 ȸ : 6 10 18 31 32 34 11 
539 ȸ : 3 19 22 31 42 43 26 
540 ȸ : 3 12 13 15 34 36 14 
541 ȸ : 8 13 26 28 32 34 43 
542 ȸ : 5 6 19 26 41 45 34 
543 ȸ : 13 18 26 31 34 44 12 
544 ȸ : 5 17 21 25 36 44 10 
545 ȸ : 4 24 25 27 34 35 2 
546 ȸ : 8 17 20 27 37 43 6 
547 ȸ : 6 7 15 22 34 39 28 
548 ȸ : 1 12 13 21 32 45 14 
549 ȸ : 29 31 35 38 40 44 17 
550 ȸ : 1 7 14 20 34 37 41 
551 ȸ : 3 6 20 24 27 44 25 
552 ȸ : 1 10 20 32 35 40 43 
553 ȸ : 2 7 17 28 29 39 37 
554 ȸ : 13 14 17 32 41 42 6 
555 ȸ : 11 17 21 24 26 36 12 
556 ȸ : 12 20 23 28 30 44 43 
557 ȸ : 4 20 26 28 35 40 31 
558 ȸ : 12 15 19 26 40 43 29 
559 ȸ : 11 12 25 32 44 45 23 
560 ȸ : 1 4 20 23 29 45 28 
561 ȸ : 5 7 18 37 42 45 20 
562 ȸ : 4 11 13 17 20 31 33 
563 ȸ : 5 10 16 17 31 32 21 
564 ȸ : 14 19 25 26 27 34 2 
565 ȸ : 4 10 18 27 40 45 38 
566 ȸ : 4 5 6 25 26 43 41 
567 ȸ : 1 10 15 16 32 41 28 
568 ȸ : 1 3 17 20 31 44 40 
569 ȸ : 3 6 13 23 24 35 1 
570 ȸ : 1 12 26 27 29 33 42 
571 ȸ : 11 18 21 26 38 43 29 
572 ȸ : 3 13 18 33 37 45 1 
573 ȸ : 2 4 20 34 35 43 14 
574 ȸ : 14 15 16 19 25 43 2 
575 ȸ : 2 8 20 30 33 34 6 
576 ȸ : 10 11 15 25 35 41 13 
577 ȸ : 16 17 22 31 34 37 33 
578 ȸ : 5 12 14 32 34 42 16 
579 ȸ : 5 7 20 22 37 42 39 
580 ȸ : 5 7 9 11 32 35 33 
581 ȸ : 3 5 14 20 42 44 33 
582 ȸ : 2 12 14 33 40 41 25 
583 ȸ : 8 17 27 33 40 44 24 
584 ȸ : 7 18 30 39 40 41 36 
585 ȸ : 6 7 10 16 38 41 4 
586 ȸ : 2 7 12 15 21 34 5 
587 ȸ : 14 21 29 31 32 37 17 
588 ȸ : 2 8 15 22 25 41 30 
589 ȸ : 6 8 28 33 38 39 22 
590 ȸ : 20 30 36 38 41 45 23 
591 ȸ : 8 13 14 30 38 39 5 
592 ȸ : 2 5 6 13 28 44 43 
593 ȸ : 9 10 13 24 33 38 28 
594 ȸ : 2 8 13 25 28 37 3 
595 ȸ : 8 24 28 35 38 40 5 
596 ȸ : 3 4 12 14 25 43 17 
597 ȸ : 8 10 23 24 35 43 37 
598 ȸ : 4 12 24 33 38 45 22 
599 ȸ : 5 12 17 29 34 35 27 
600 ȸ : 5 11 14 27 29 36 44 
601 ȸ : 2 16 19 31 34 35 37 
602 ȸ : 13 14 22 27 30 38 2 
603 ȸ : 2 19 25 26 27 43 28 
604 ȸ : 2 6 18 21 33 34 30 
605 ȸ : 1 2 7 9 10 38 42 
606 ȸ : 1 5 6 14 20 39 22 
607 ȸ : 8 14 23 36 38 39 13 
608 ȸ : 4 8 18 19 39 44 41 
609 ȸ : 4 8 27 34 39 40 13 
610 ȸ : 14 18 20 23 28 36 33 
611 ȸ : 2 22 27 33 36 37 14 
612 ȸ : 6 9 18 19 25 33 40 
613 ȸ : 7 8 11 16 41 44 35 
614 ȸ : 8 21 25 39 40 44 18 
615 ȸ : 10 17 18 19 23 27 35 
616 ȸ : 5 13 18 23 40 45 3 
617 ȸ : 4 5 11 12 24 27 28 
618 ȸ : 8 16 25 30 42 43 15 
619 ȸ : 6 8 13 30 35 40 21 
620 ȸ : 2 16 17 32 39 45 40 
621 ȸ : 1 2 6 16 19 42 9 
622 ȸ : 9 15 16 21 28 34 24 
623 ȸ : 7 13 30 39 41 45 25 
624 ȸ : 1 7 19 26 27 35 16 
625 ȸ : 3 6 7 20 21 39 13 
626 ȸ : 13 14 26 33 40 43 15 
627 ȸ : 2 9 22 25 31 45 12 
628 ȸ : 1 7 12 15 23 42 11 
629 ȸ : 19 28 31 38 43 44 1 
630 ȸ : 8 17 21 24 27 31 15 
631 ȸ : 1 2 4 23 31 34 8 
632 ȸ : 15 18 21 32 35 44 6 
633 ȸ : 9 12 19 20 39 41 13 
634 ȸ : 4 10 11 12 20 27 38 
635 ȸ : 11 13 25 26 29 33 32 
636 ȸ : 6 7 15 16 20 31 26 
637 ȸ : 3 16 22 37 38 44 23 
638 ȸ : 7 18 22 24 31 34 6 
639 ȸ : 6 15 22 23 25 32 40 
640 ȸ : 14 15 18 21 26 35 23 
641 ȸ : 11 18 21 36 37 43 12 
642 ȸ : 8 17 18 24 39 45 32 
643 ȸ : 15 24 31 32 33 40 13 
644 ȸ : 5 13 17 23 28 36 8 
645 ȸ : 1 4 16 26 40 41 31 
646 ȸ : 2 9 24 41 43 45 30 
647 ȸ : 5 16 21 23 24 30 29 
648 ȸ : 13 19 28 37 38 43 4 
649 ȸ : 3 21 22 33 41 42 20 
650 ȸ : 3 4 7 11 31 41 35 
651 ȸ : 11 12 16 26 29 44 18 
652 ȸ : 3 13 15 40 41 44 20 
653 ȸ : 5 6 26 27 38 39 1 
654 ȸ : 16 21 26 31 36 43 6 
655 ȸ : 7 37 38 39 40 44 18 
656 ȸ : 3 7 14 16 31 40 39 
657 ȸ : 10 14 19 39 40 43 23 
658 ȸ : 8 19 25 28 32 36 37 
659 ȸ : 7 18 19 27 29 42 45 
660 ȸ : 4 9 23 33 39 44 14 
661 ȸ : 2 3 12 20 27 38 40 
662 ȸ : 5 6 9 11 15 37 26 
663 ȸ : 3 5 8 19 38 42 20 
664 ȸ : 10 20 33 36 41 44 5 
665 ȸ : 5 6 11 17 38 44 13 
666 ȸ : 2 4 6 11 17 28 16 
667 ȸ : 15 17 25 37 42 43 13 
668 ȸ : 12 14 15 24 27 32 3 
669 ȸ : 7 8 20 29 33 38 9 
670 ȸ : 11 18 26 27 40 41 25 
671 ȸ : 7 9 10 13 31 35 24 
672 ȸ : 8 21 28 31 36 45 43 
673 ȸ : 7 10 17 29 33 44 5 
674 ȸ : 9 10 14 25 27 31 11 
675 ȸ : 1 8 11 15 18 45 7 
676 ȸ : 1 8 17 34 39 45 27 
677 ȸ : 12 15 24 36 41 44 42 
678 ȸ : 4 5 6 12 25 37 45 
679 ȸ : 3 5 7 14 26 34 35 
680 ȸ : 4 10 19 29 32 42 30 
681 ȸ : 21 24 27 29 43 44 7 
682 ȸ : 17 23 27 35 38 43 2 
683 ȸ : 6 13 20 27 28 40 15 
684 ȸ : 1 11 15 17 25 39 40 
685 ȸ : 6 7 12 28 38 40 18 
686 ȸ : 7 12 15 24 25 43 13 
687 ȸ : 1 8 10 13 28 42 45 
688 ȸ : 5 15 22 23 34 35 2 
689 ȸ : 7 17 19 30 36 38 34 
690 ȸ : 24 25 33 34 38 39 43 
691 ȸ : 15 27 33 35 43 45 16 
692 ȸ : 3 11 14 15 32 36 44 
693 ȸ : 1 6 11 28 34 42 30 
694 ȸ : 7 15 20 25 33 43 12 
695 ȸ : 4 18 26 33 34 38 14 
696 ȸ : 1 7 16 18 34 38 21 
697 ȸ : 2 5 8 11 33 39 31 
698 ȸ : 3 11 13 21 33 37 18 
699 ȸ : 4 5 8 16 21 29 3 
700 ȸ : 11 23 28 29 30 44 13 
701 ȸ : 3 10 14 16 36 38 35 
702 ȸ : 3 13 16 24 26 29 9 
703 ȸ : 10 28 31 33 41 44 21 
704 ȸ : 1 4 8 23 33 42 45 
705 ȸ : 1 6 17 22 28 45 23 
706 ȸ : 3 4 6 10 28 30 37 
707 ȸ : 2 12 19 24 39 44 35 
708 ȸ : 2 10 16 19 34 45 1 
709 ȸ : 10 18 30 36 39 44 32 
710 ȸ : 3 4 9 24 25 33 10 
711 ȸ : 11 15 24 35 37 45 42 
712 ȸ : 17 20 30 31 33 45 19 
713 ȸ : 2 5 15 18 19 23 44 
714 ȸ : 1 7 22 33 37 40 20 
715 ȸ : 2 7 27 33 41 44 10 
716 ȸ : 2 6 13 16 29 30 21 
717 ȸ : 2 11 19 25 28 32 44 
718 ȸ : 4 11 20 23 32 39 40 
719 ȸ : 4 8 13 19 20 43 26 
720 ȸ : 1 12 29 34 36 37 41 
721 ȸ : 1 28 35 41 43 44 31 
722 ȸ : 12 14 21 30 39 43 45 
723 ȸ : 20 30 33 35 36 44 22 
724 ȸ : 2 8 33 35 37 41 14 
725 ȸ : 6 7 19 21 41 43 38 
726 ȸ : 1 11 21 23 34 44 24 
727 ȸ : 7 8 10 19 21 31 20 
728 ȸ : 3 6 10 30 34 37 36 
729 ȸ : 11 17 21 26 36 45 16 
730 ȸ : 4 10 14 15 18 22 39 
731 ȸ : 2 7 13 25 42 45 39 
732 ȸ : 2 4 5 17 27 32 43 
733 ȸ : 11 24 32 33 35 40 13 
734 ȸ : 6 16 37 38 41 45 18 
735 ȸ : 5 10 13 27 37 41 4 
736 ȸ : 2 11 17 18 21 27 6 
737 ȸ : 13 15 18 24 27 41 11 
738 ȸ : 23 27 28 38 42 43 36 
739 ȸ : 7 22 29 33 34 35 30 
740 ȸ : 4 8 9 16 17 19 31 
741 ȸ : 5 21 27 34 44 45 16 
742 ȸ : 8 10 13 36 37 40 6 
743 ȸ : 15 19 21 34 41 44 10 
744 ȸ : 10 15 18 21 34 41 43 
745 ȸ : 1 2 3 9 12 23 10 
746 ȸ : 3 12 33 36 42 45 25 
747 ȸ : 7 9 12 14 23 28 17 
748 ȸ : 3 10 13 22 31 32 29 
749 ȸ : 12 14 24 26 34 45 41 
750 ȸ : 1 2 15 19 24 36 12 
751 ȸ : 3 4 16 20 28 44 17 
752 ȸ : 4 16 20 33 40 43 7 
753 ȸ : 2 17 19 24 37 41 3 
754 ȸ : 2 8 17 24 29 31 32 
755 ȸ : 13 14 26 28 30 36 37 
756 ȸ : 10 14 16 18 27 28 4 
757 ȸ : 6 7 11 17 33 44 1 
758 ȸ : 5 9 12 30 39 43 24 
759 ȸ : 9 33 36 40 42 43 32 
760 ȸ : 10 22 27 31 42 43 12 
761 ȸ : 4 7 11 24 42 45 30 
762 ȸ : 1 3 12 21 26 41 16 
763 ȸ : 3 8 16 32 34 43 10 
764 ȸ : 7 22 24 31 34 36 15 
765 ȸ : 1 3 8 12 42 43 33 
766 ȸ : 9 30 34 35 39 41 21 
767 ȸ : 5 15 20 31 34 42 22 
768 ȸ : 7 27 29 30 38 44 4 
769 ȸ : 5 7 11 16 41 45 4 
770 ȸ : 1 9 12 23 39 43 34 
771 ȸ : 6 10 17 18 21 29 30 
772 ȸ : 5 6 11 14 21 41 32 
773 ȸ : 8 12 19 21 31 35 44 
774 ȸ : 12 15 18 28 34 42 9 
775 ȸ : 11 12 29 33 38 42 17 
776 ȸ : 8 9 18 21 28 40 20 
777 ȸ : 6 12 17 21 34 37 18 
778 ȸ : 6 21 35 36 37 41 11 
779 ȸ : 6 12 19 24 34 41 4 
780 ȸ : 15 17 19 21 27 45 16 
781 ȸ : 11 16 18 19 24 39 43 
782 ȸ : 6 18 31 34 38 45 20 
783 ȸ : 14 15 16 17 38 45 36 
784 ȸ : 3 10 23 24 31 39 22 
785 ȸ : 4 6 15 25 26 33 40 
786 ȸ : 12 15 16 20 24 30 38 
787 ȸ : 5 6 13 16 27 28 9 
788 ȸ : 2 10 11 19 35 39 29 
789 ȸ : 2 6 7 12 19 45 38 
790 ȸ : 3 8 19 27 30 41 12 
791 ȸ : 2 10 12 31 33 42 32 
792 ȸ : 2 7 19 25 29 36 16 
793 ȸ : 10 15 21 35 38 43 31 
794 ȸ : 6 7 18 19 30 38 13 
795 ȸ : 3 10 13 26 34 38 36 
796 ȸ : 1 21 26 36 40 41 5 
797 ȸ : 5 22 31 32 39 45 36 
798 ȸ : 2 10 14 22 32 36 41 
799 ȸ : 12 17 23 34 42 45 33 
800 ȸ : 1 4 10 12 28 45 26 
801 ȸ : 17 25 28 37 43 44 2 
802 ȸ : 10 11 12 18 24 42 27 
803 ȸ : 5 9 14 26 30 43 2 
804 ȸ : 1 10 13 26 32 36 9 
805 ȸ : 3 12 13 18 31 32 42 
806 ȸ : 14 20 23 31 37 38 27 
807 ȸ : 6 10 18 25 34 35 33 
808 ȸ : 15 21 31 32 41 43 24 
809 ȸ : 6 11 15 17 23 40 39 
810 ȸ : 5 10 13 21 39 43 11 
811 ȸ : 8 11 19 21 36 45 25 
812 ȸ : 1 3 12 14 16 43 10 
813 ȸ : 11 30 34 35 42 44 27 
814 ȸ : 2 21 28 38 42 45 30 
815 ȸ : 17 21 25 26 27 36 4 
816 ȸ : 12 18 19 29 31 39 7 
817 ȸ : 3 9 12 13 25 43 34 
818 ȸ : 14 15 25 28 29 30 3 
819 ȸ : 16 25 33 38 40 45 15 
820 ȸ : 10 21 22 30 35 42 6 
821 ȸ : 1 12 13 24 29 44 16 
822 ȸ : 9 18 20 24 27 36 12 
823 ȸ : 12 18 24 26 39 40 15 
824 ȸ : 7 9 24 29 34 38 26 
825 ȸ : 8 15 21 31 33 38 42 
826 ȸ : 13 16 24 25 33 36 42 
827 ȸ : 5 11 12 29 33 44 14 
828 ȸ : 4 7 13 29 31 39 18 
829 ȸ : 4 5 31 35 43 45 29 
830 ȸ : 5 6 16 18 37 38 17 
831 ȸ : 3 10 16 19 31 39 9 
832 ȸ : 13 14 19 26 40 43 30 
833 ȸ : 12 18 30 39 41 42 19 
834 ȸ : 6 8 18 35 42 43 3 
835 ȸ : 9 10 13 28 38 45 35 
836 ȸ : 1 9 11 14 26 28 19 
837 ȸ : 2 25 28 30 33 45 6 
838 ȸ : 9 14 17 33 36 38 20 
839 ȸ : 3 9 11 12 13 19 35 
840 ȸ : 2 4 11 28 29 43 27 
841 ȸ : 5 11 14 30 33 38 24 
842 ȸ : 14 26 32 36 39 42 38 
843 ȸ : 19 21 30 33 34 42 4 
844 ȸ : 7 8 13 15 33 45 18 
845 ȸ : 1 16 29 33 40 45 6 
846 ȸ : 5 18 30 41 43 45 13 
847 ȸ : 12 16 26 28 30 42 22 
848 ȸ : 1 2 16 22 38 39 34 
849 ȸ : 5 13 17 29 34 39 3 
850 ȸ : 16 20 24 28 36 39 5 
851 ȸ : 14 18 22 26 31 44 40 
852 ȸ : 11 17 28 30 33 35 9 
853 ȸ : 2 8 23 26 27 44 13 
854 ȸ : 20 25 31 32 36 43 3 
855 ȸ : 8 15 17 19 43 44 7 
856 ȸ : 10 24 40 41 43 44 17 
857 ȸ : 6 10 16 28 34 38 43 
858 ȸ : 9 13 32 38 39 43 23 
859 ȸ : 8 22 35 38 39 41 24 
860 ȸ : 4 8 18 25 27 32 42 
861 ȸ : 11 17 19 21 22 25 24 
862 ȸ : 10 34 38 40 42 43 32 
863 ȸ : 16 21 28 35 39 43 12 
864 ȸ : 3 7 10 13 25 36 32 
865 ȸ : 3 15 22 32 33 45 2 
866 ȸ : 9 15 29 34 37 39 12 
867 ȸ : 14 17 19 22 24 40 41 
868 ȸ : 12 17 28 41 43 44 25 
869 ȸ : 2 6 20 27 37 39 4 
870 ȸ : 21 25 30 32 40 42 31 
871 ȸ : 2 6 12 26 30 34 38 
872 ȸ : 2 4 30 32 33 43 29 
873 ȸ : 3 5 12 13 33 39 38 
874 ȸ : 1 15 19 23 28 42 32 
875 ȸ : 19 22 30 34 39 44 36 
876 ȸ : 5 16 21 26 34 42 24 
877 ȸ : 5 17 18 22 23 43 12 
878 ȸ : 2 6 11 16 25 31 3 
879 ȸ : 1 4 10 14 15 35 20 
880 ȸ : 7 17 19 23 24 45 38 
881 ȸ : 4 18 20 26 27 32 9 
882 ȸ : 18 34 39 43 44 45 23 
883 ȸ : 9 18 32 33 37 44 22 
884 ȸ : 4 14 23 28 37 45 17 
885 ȸ : 1 3 24 27 39 45 31 
886 ȸ : 19 23 28 37 42 45 2 
887 ȸ : 8 14 17 27 36 45 10 
888 ȸ : 3 7 12 31 34 38 32 
889 ȸ : 3 13 29 38 39 42 26 
890 ȸ : 1 4 14 18 29 37 6 
891 ȸ : 9 13 28 31 39 41 19 
892 ȸ : 4 9 17 18 26 42 36 
893 ȸ : 1 15 17 23 25 41 10 
894 ȸ : 19 32 37 40 41 43 45 
1 ȸ : 10 23 29 33 37 40 16 
2 ȸ : 9 13 21 25 32 42 2 
3 ȸ : 11 16 19 21 27 31 30 
4 ȸ : 14 27 30 31 40 42 2 
5 ȸ : 16 24 29 40 41 42 3 
6 ȸ : 14 15 26 27 40 42 34 
7 ȸ : 2 9 16 25 26 40 42 
8 ȸ : 8 19 25 34 37 39 9 
9 ȸ : 2 4 16 17 36 39 14 
10 ȸ : 9 25 30 33 41 44 6 
11 ȸ : 1 7 36 37 41 42 14 
12 ȸ : 2 11 21 25 39 45 44 
13 ȸ : 22 23 25 37 38 42 26 
14 ȸ : 2 6 12 31 33 40 15 
15 ȸ : 3 4 16 30 31 37 13 
16 ȸ : 6 7 24 37 38 40 33 
17 ȸ : 3 4 9 17 32 37 1 
18 ȸ : 3 12 13 19 32 35 29 
19 ȸ : 6 30 38 39 40 43 26 
20 ȸ : 10 14 18 20 23 30 41 
21 ȸ : 6 12 17 18 31 32 21 
22 ȸ : 4 5 6 8 17 39 25 
23 ȸ : 5 13 17 18 33 42 44 
24 ȸ : 7 8 27 29 36 43 6 
25 ȸ : 2 4 21 26 43 44 16 
26 ȸ : 4 5 7 18 20 25 31 
27 ȸ : 1 20 26 28 37 43 27 
28 ȸ : 9 18 23 25 35 37 1 
29 ȸ : 1 5 13 34 39 40 11 
30 ȸ : 8 17 20 35 36 44 4 
31 ȸ : 7 9 18 23 28 35 32 
32 ȸ : 6 14 19 25 34 44 11 
33 ȸ : 4 7 32 33 40 41 9 
34 ȸ : 9 26 35 37 40 42 2 
35 ȸ : 2 3 11 26 37 43 39 
36 ȸ : 1 10 23 26 28 40 31 
37 ȸ : 7 27 30 33 35 37 42 
38 ȸ : 16 17 22 30 37 43 36 
39 ȸ : 6 7 13 15 21 43 8 
40 ȸ : 7 13 18 19 25 26 6 
41 ȸ : 13 20 23 35 38 43 34 
42 ȸ : 17 18 19 21 23 32 1 
43 ȸ : 6 31 35 38 39 44 1 
44 ȸ : 3 11 21 30 38 45 39 
45 ȸ : 1 10 20 27 33 35 17 
46 ȸ : 8 13 15 23 31 38 39 
47 ȸ : 14 17 26 31 36 45 27 
48 ȸ : 6 10 18 26 37 38 3 
49 ȸ : 4 7 16 19 33 40 30 
50 ȸ : 2 10 12 15 22 44 1 
51 ȸ : 2 3 11 16 26 44 35 
52 ȸ : 2 4 15 16 20 29 1 
53 ȸ : 7 8 14 32 33 39 42 
54 ȸ : 1 8 21 27 36 39 37 
55 ȸ : 17 21 31 37 40 44 7 
56 ȸ : 10 14 30 31 33 37 19 
57 ȸ : 7 10 16 25 29 44 6 
58 ȸ : 10 24 25 33 40 44 1 
59 ȸ : 6 29 36 39 41 45 13 
60 ȸ : 2 8 25 36 39 42 11 
61 ȸ : 14 15 19 30 38 43 8 
62 ȸ : 3 8 15 27 29 35 21 
63 ȸ : 3 20 23 36 38 40 5 
64 ȸ : 14 15 18 21 26 36 39 
65 ȸ : 4 25 33 36 40 43 39 
66 ȸ : 2 3 7 17 22 24 45 
67 ȸ : 3 7 10 15 36 38 33 
68 ȸ : 10 12 15 16 26 39 38 
69 ȸ : 5 8 14 15 19 39 35 
70 ȸ : 5 19 22 25 28 43 26 
71 ȸ : 5 9 12 16 29 41 21 
72 ȸ : 2 4 11 17 26 27 1 
73 ȸ : 3 12 18 32 40 43 38 
74 ȸ : 6 15 17 18 35 40 23 
75 ȸ : 2 5 24 32 34 44 28 
76 ȸ : 1 3 15 22 25 37 43 
77 ȸ : 2 18 29 32 43 44 37 
78 ȸ : 10 13 25 29 33 35 38 
79 ȸ : 3 12 24 27 30 32 14 
80 ȸ : 17 18 24 25 26 30 1 
81 ȸ : 5 7 11 13 20 33 6 
82 ȸ : 1 2 3 14 27 42 39 
83 ȸ : 6 10 15 17 19 34 14 
84 ȸ : 16 23 27 34 42 45 11 
85 ȸ : 6 8 13 23 31 36 21 
86 ȸ : 2 12 37 39 41 45 33 
87 ȸ : 4 12 16 23 34 43 26 
88 ȸ : 1 17 20 24 30 41 27 
89 ȸ : 4 26 28 29 33 40 37 
90 ȸ : 17 20 29 35 38 44 10 
91 ȸ : 1 21 24 26 29 42 27 
92 ȸ : 3 14 24 33 35 36 17 
93 ȸ : 6 22 24 36 38 44 19 
94 ȸ : 5 32 34 40 41 45 6 
95 ȸ : 8 17 27 31 34 43 14 
96 ȸ : 1 3 8 21 22 31 20 
97 ȸ : 6 7 14 15 20 36 3 
98 ȸ : 6 9 16 23 24 32 43 
99 ȸ : 1 3 10 27 29 37 11 
100 ȸ : 1 7 11 23 37 42 6 
101 ȸ : 1 3 17 32 35 45 8 
102 ȸ : 17 22 24 26 35 40 42 
103 ȸ : 5 14 15 27 30 45 10 
104 ȸ : 17 32 33 34 42 44 35 
105 ȸ : 8 10 20 34 41 45 28 
106 ȸ : 4 10 12 22 24 33 29 
107 ȸ : 1 4 5 6 9 31 17 
108 ȸ : 7 18 22 23 29 44 12 
109 ȸ : 1 5 34 36 42 44 33 
110 ȸ : 7 20 22 23 29 43 1 
111 ȸ : 7 18 31 33 36 40 27 
112 ȸ : 26 29 30 33 41 42 43 
113 ȸ : 4 9 28 33 36 45 26 
114 ȸ : 11 14 19 26 28 41 2 
115 ȸ : 1 2 6 9 25 28 31 
116 ȸ : 2 4 25 31 34 37 17 
117 ȸ : 5 10 22 34 36 44 35 
118 ȸ : 3 4 10 17 19 22 38 
119 ȸ : 3 11 13 14 17 21 38 
120 ȸ : 4 6 10 11 32 37 30 
121 ȸ : 12 28 30 34 38 43 9 
122 ȸ : 1 11 16 17 36 40 8 
123 ȸ : 7 17 18 28 30 45 27 
124 ȸ : 4 16 23 25 29 42 1 
125 ȸ : 2 8 32 33 35 36 18 
126 ȸ : 7 20 22 27 40 43 1 
127 ȸ : 3 5 10 29 32 43 35 
128 ȸ : 12 30 34 36 37 45 39 
129 ȸ : 19 23 25 28 38 42 17 
130 ȸ : 7 19 24 27 42 45 31 
131 ȸ : 8 10 11 14 15 21 37 
132 ȸ : 3 17 23 34 41 45 43 
133 ȸ : 4 7 15 18 23 26 13 
134 ȸ : 3 12 20 23 31 35 43 
135 ȸ : 6 14 22 28 35 39 16 
136 ȸ : 2 16 30 36 41 42 11 
137 ȸ : 7 9 20 25 36 39 15 
138 ȸ : 10 11 27 28 37 39 19 
139 ȸ : 9 11 15 20 28 43 13 
140 ȸ : 3 13 17 18 19 28 8 
141 ȸ : 8 12 29 31 42 43 2 
142 ȸ : 12 16 30 34 40 44 19 
143 ȸ : 26 27 28 42 43 45 8 
144 ȸ : 4 15 17 26 36 37 43 
145 ȸ : 2 3 13 20 27 44 9 
146 ȸ : 2 19 27 35 41 42 25 
147 ȸ : 4 6 13 21 40 42 36 
148 ȸ : 21 25 33 34 35 36 17 
149 ȸ : 2 11 21 34 41 42 27 
150 ȸ : 2 18 25 28 37 39 16 
151 ȸ : 1 2 10 13 18 19 15 
152 ȸ : 1 5 13 26 29 34 43 
153 ȸ : 3 8 11 12 13 36 33 
154 ȸ : 6 19 21 35 40 45 20 
155 ȸ : 16 19 20 32 33 41 4 
156 ȸ : 5 18 28 30 42 45 2 
157 ȸ : 19 26 30 33 35 39 37 
158 ȸ : 4 9 13 18 21 34 7 
159 ȸ : 1 18 30 41 42 43 32 
160 ȸ : 3 7 8 34 39 41 1 
161 ȸ : 22 34 36 40 42 45 44 
162 ȸ : 1 5 21 25 38 41 24 
163 ȸ : 7 11 26 28 29 44 16 
164 ȸ : 6 9 10 11 39 41 27 
165 ȸ : 5 13 18 19 22 42 31 
166 ȸ : 9 12 27 36 39 45 14 
167 ȸ : 24 27 28 30 36 39 4 
168 ȸ : 3 10 31 40 42 43 30 
169 ȸ : 16 27 35 37 43 45 19 
170 ȸ : 2 11 13 15 31 42 10 
171 ȸ : 4 16 25 29 34 35 1 
172 ȸ : 4 19 21 24 26 41 35 
173 ȸ : 3 9 24 30 33 34 18 
174 ȸ : 13 14 18 22 35 39 16 
175 ȸ : 19 26 28 31 33 36 17 
176 ȸ : 4 17 30 32 33 34 15 
177 ȸ : 1 10 13 16 37 43 6 
178 ȸ : 1 5 11 12 18 23 9 
179 ȸ : 5 9 17 25 39 43 32 
180 ȸ : 2 15 20 21 29 34 22 
181 ȸ : 14 21 23 32 40 45 44 
182 ȸ : 13 15 27 29 34 40 35 
183 ȸ : 2 18 24 34 40 42 5 
184 ȸ : 1 2 6 16 20 33 41 
185 ȸ : 1 2 4 8 19 38 14 
186 ȸ : 4 10 14 19 21 45 9 
187 ȸ : 1 2 8 18 29 38 42 
188 ȸ : 19 24 27 30 31 34 36 
189 ȸ : 8 14 32 35 37 45 28 
190 ȸ : 8 14 18 30 31 44 15 
191 ȸ : 5 6 24 25 32 37 8 
192 ȸ : 4 8 11 18 37 45 33 
193 ȸ : 6 14 18 26 36 39 13 
194 ȸ : 15 20 23 26 39 44 28 
195 ȸ : 7 10 19 22 35 40 31 
196 ȸ : 35 36 37 41 44 45 30 
197 ȸ : 7 12 16 34 42 45 4 
198 ȸ : 12 19 20 25 41 45 2 
199 ȸ : 14 21 22 25 30 36 43 
200 ȸ : 5 6 13 14 17 20 7 
201 ȸ : 3 11 24 38 39 44 26 
202 ȸ : 12 14 27 33 39 44 17 
203 ȸ : 1 3 11 24 30 32 7 
204 ȸ : 3 12 14 35 40 45 5 
205 ȸ : 1 3 21 29 35 37 30 
206 ȸ : 1 2 3 15 20 25 43 
207 ȸ : 3 11 14 31 32 37 38 
208 ȸ : 14 25 31 34 40 44 24 
209 ȸ : 2 7 18 20 24 33 37 
210 ȸ : 10 19 22 23 25 37 39 
211 ȸ : 12 13 17 20 33 41 8 
212 ȸ : 11 12 18 21 31 38 8 
213 ȸ : 2 3 4 5 20 24 42 
214 ȸ : 5 7 20 25 28 37 32 
215 ȸ : 2 3 7 15 43 44 4 
216 ȸ : 7 16 17 33 36 40 1 
217 ȸ : 16 20 27 33 35 39 38 
218 ȸ : 1 8 14 18 29 44 20 
219 ȸ : 4 11 20 26 35 37 16 
220 ȸ : 5 11 19 21 34 43 31 
221 ȸ : 2 20 33 35 37 40 10 
222 ȸ : 5 7 28 29 39 43 44 
223 ȸ : 1 3 18 20 26 27 38 
224 ȸ : 4 19 26 27 30 42 7 
225 ȸ : 5 11 13 19 31 36 7 
226 ȸ : 2 6 8 14 21 22 34 
227 ȸ : 4 5 15 16 22 42 2 
228 ȸ : 17 25 35 36 39 44 23 
229 ȸ : 4 5 9 11 23 38 35 
230 ȸ : 5 11 14 29 32 33 12 
231 ȸ : 5 10 19 31 44 45 27 
232 ȸ : 8 9 10 12 24 44 35 
233 ȸ : 4 6 13 17 28 40 39 
234 ȸ : 13 21 22 24 26 37 4 
235 ȸ : 21 22 26 27 31 37 8 
236 ȸ : 1 4 8 13 37 39 7 
237 ȸ : 1 11 17 21 24 44 33 
238 ȸ : 2 4 15 28 31 34 35 
239 ȸ : 11 15 24 39 41 44 7 
240 ȸ : 6 10 16 40 41 43 21 
241 ȸ : 2 16 24 27 28 35 21 
242 ȸ : 4 19 20 21 32 34 43 
243 ȸ : 2 12 17 19 28 42 34 
244 ȸ : 13 16 25 36 37 38 19 
245 ȸ : 9 11 27 31 32 38 22 
246 ȸ : 13 18 21 23 26 39 15 
247 ȸ : 12 15 28 36 39 40 13 
248 ȸ : 3 8 17 23 38 45 13 
249 ȸ : 3 8 27 31 41 44 11 
250 ȸ : 19 23 30 37 43 45 38 
251 ȸ : 6 7 19 25 28 38 45 
252 ȸ : 14 23 26 31 39 45 28 
253 ȸ : 8 19 25 31 34 36 33 
254 ȸ : 1 5 19 20 24 30 27 
255 ȸ : 1 5 6 24 27 42 32 
256 ȸ : 4 11 14 21 23 43 32 
257 ȸ : 6 13 27 31 32 37 4 
258 ȸ : 14 27 30 31 38 40 17 
259 ȸ : 4 5 14 35 42 45 34 
260 ȸ : 7 12 15 24 37 40 43 
261 ȸ : 6 11 16 18 31 43 2 
262 ȸ : 9 12 24 25 29 31 36 
263 ȸ : 1 27 28 32 37 40 18 
264 ȸ : 9 16 27 36 41 44 5 
265 ȸ : 5 9 34 37 38 39 12 
266 ȸ : 3 4 9 11 22 42 37 
267 ȸ : 7 8 24 34 36 41 1 
268 ȸ : 3 10 19 24 32 45 12 
269 ȸ : 5 18 20 36 42 43 32 
270 ȸ : 5 9 12 20 21 26 27 
271 ȸ : 3 8 9 27 29 40 36 
272 ȸ : 7 9 12 27 39 43 28 
273 ȸ : 1 8 24 31 34 44 6 
274 ȸ : 13 14 15 26 35 39 25 
275 ȸ : 14 19 20 35 38 40 26 
276 ȸ : 4 15 21 33 39 41 25 
277 ȸ : 10 12 13 15 25 29 20 
278 ȸ : 3 11 37 39 41 43 13 
279 ȸ : 7 16 31 36 37 38 11 
280 ȸ : 10 11 23 24 36 37 35 
281 ȸ : 1 3 4 6 14 41 12 
282 ȸ : 2 5 10 18 31 32 30 
283 ȸ : 6 8 18 31 38 45 42 
284 ȸ : 2 7 15 24 30 45 28 
285 ȸ : 13 33 37 40 41 45 2 
286 ȸ : 1 15 19 40 42 44 17 
287 ȸ : 6 12 24 27 35 37 41 
288 ȸ : 1 12 17 28 35 41 10 
289 ȸ : 3 14 33 37 38 42 10 
290 ȸ : 8 13 18 32 39 45 7 
291 ȸ : 3 7 8 18 20 42 45 
292 ȸ : 17 18 31 32 33 34 10 
293 ȸ : 1 9 17 21 29 33 24 
294 ȸ : 6 10 17 30 37 38 40 
295 ȸ : 1 4 12 16 18 38 8 
296 ȸ : 3 8 15 27 30 45 44 
297 ȸ : 6 11 19 20 28 32 34 
298 ȸ : 5 9 27 29 37 40 19 
299 ȸ : 1 3 20 25 36 45 24 
300 ȸ : 7 9 10 12 26 38 39 
301 ȸ : 7 11 13 33 37 43 26 
302 ȸ : 13 19 20 32 38 42 4 
303 ȸ : 2 14 17 30 38 45 43 
304 ȸ : 4 10 16 26 33 41 38 
305 ȸ : 7 8 18 21 23 39 9 
306 ȸ : 4 18 23 30 34 41 19 
307 ȸ : 5 15 21 23 25 45 12 
308 ȸ : 14 15 17 19 37 45 40 
309 ȸ : 1 2 5 11 18 36 22 
310 ȸ : 1 5 19 28 34 41 16 
311 ȸ : 4 12 24 27 28 32 10 
312 ȸ : 2 3 5 6 12 20 25 
313 ȸ : 9 17 34 35 43 45 2 
314 ȸ : 15 17 19 34 38 41 2 
315 ȸ : 1 13 33 35 43 45 23 
316 ȸ : 10 11 21 27 31 39 43 
317 ȸ : 3 10 11 22 36 39 8 
318 ȸ : 2 17 19 20 34 45 21 
319 ȸ : 5 8 22 28 33 42 37 
320 ȸ : 16 19 23 25 41 45 3 
321 ȸ : 12 18 20 21 25 34 42 
322 ȸ : 9 18 29 32 38 43 20 
323 ȸ : 10 14 15 32 36 42 3 
324 ȸ : 2 4 21 25 33 36 17 
325 ȸ : 7 17 20 32 44 45 33 
326 ȸ : 16 23 25 33 36 39 40 
327 ȸ : 6 12 13 17 32 44 24 
328 ȸ : 1 6 9 16 17 28 24 
329 ȸ : 9 17 19 30 35 42 4 
330 ȸ : 3 4 16 17 19 20 23 
331 ȸ : 4 9 14 26 31 44 39 
332 ȸ : 16 17 34 36 42 45 3 
333 ȸ : 5 14 27 30 39 43 35 
334 ȸ : 13 15 21 29 39 43 33 
335 ȸ : 5 9 16 23 26 45 21 
336 ȸ : 3 5 20 34 35 44 16 
337 ȸ : 1 5 14 18 32 37 4 
338 ȸ : 2 13 34 38 42 45 16 
339 ȸ : 6 8 14 21 30 37 45 
340 ȸ : 18 24 26 29 34 38 32 
341 ȸ : 1 8 19 34 39 43 41 
342 ȸ : 1 13 14 33 34 43 25 
343 ȸ : 1 10 17 29 31 43 15 
344 ȸ : 1 2 15 28 34 45 38 
345 ȸ : 15 20 23 29 39 42 2 
346 ȸ : 5 13 14 22 44 45 33 
347 ȸ : 3 8 13 27 32 42 10 
348 ȸ : 3 14 17 20 24 31 34 
349 ȸ : 5 13 14 20 24 25 36 
350 ȸ : 1 8 18 24 29 33 35 
351 ȸ : 5 25 27 29 34 36 33 
352 ȸ : 5 16 17 20 26 41 24 
353 ȸ : 11 16 19 22 29 36 26 
354 ȸ : 14 19 36 43 44 45 1 
355 ȸ : 5 8 29 30 35 44 38 
356 ȸ : 2 8 14 25 29 45 24 
357 ȸ : 10 14 18 21 36 37 5 
358 ȸ : 1 9 10 12 21 40 37 
359 ȸ : 1 10 19 20 24 40 23 
360 ȸ : 4 16 23 25 35 40 27 
361 ȸ : 5 10 16 24 27 35 33 
362 ȸ : 2 3 22 27 30 40 29 
363 ȸ : 11 12 14 21 32 38 6 
364 ȸ : 2 5 7 14 16 40 4 
365 ȸ : 5 15 21 25 26 30 31 
366 ȸ : 5 12 19 26 27 44 38 
367 ȸ : 3 22 25 29 32 44 19 
368 ȸ : 11 21 24 30 39 45 26 
369 ȸ : 17 20 35 36 41 43 21 
370 ȸ : 16 18 24 42 44 45 17 
371 ȸ : 7 9 15 26 27 42 18 
372 ȸ : 8 11 14 16 18 21 13 
373 ȸ : 15 26 37 42 43 45 9 
374 ȸ : 11 13 15 17 25 34 26 
375 ȸ : 4 8 19 25 27 45 7 
376 ȸ : 1 11 13 24 28 40 7 
377 ȸ : 6 22 29 37 43 45 23 
378 ȸ : 5 22 29 31 34 39 43 
379 ȸ : 6 10 22 31 35 40 19 
380 ȸ : 1 2 8 17 26 37 27 
381 ȸ : 1 5 10 12 16 20 11 
382 ȸ : 10 15 22 24 27 42 19 
383 ȸ : 4 15 28 33 37 40 25 
384 ȸ : 11 22 24 32 36 38 7 
385 ȸ : 7 12 19 21 29 32 9 
386 ȸ : 4 7 10 19 31 40 26 
387 ȸ : 1 26 31 34 40 43 20 
388 ȸ : 1 8 9 17 29 32 45 
389 ȸ : 7 16 18 20 23 26 3 
390 ȸ : 16 17 28 37 39 40 15 
391 ȸ : 10 11 18 22 28 39 30 
392 ȸ : 1 3 7 8 24 42 43 
393 ȸ : 9 16 28 40 41 43 21 
394 ȸ : 1 13 20 22 25 28 15 
395 ȸ : 11 15 20 26 31 35 7 
396 ȸ : 18 20 31 34 40 45 30 
397 ȸ : 12 13 17 22 25 33 8 
398 ȸ : 10 15 20 23 42 44 7 
399 ȸ : 1 2 9 17 19 42 20 
400 ȸ : 9 21 27 34 41 43 2 
401 ȸ : 6 12 18 31 38 43 9 
402 ȸ : 5 9 15 19 22 36 32 
403 ȸ : 10 14 22 24 28 37 26 
404 ȸ : 5 20 21 24 33 40 36 
405 ȸ : 1 2 10 25 26 44 4 
406 ȸ : 7 12 21 24 27 36 45 
407 ȸ : 6 7 13 16 24 25 1 
408 ȸ : 9 20 21 22 30 37 16 
409 ȸ : 6 9 21 31 32 40 38 
410 ȸ : 1 3 18 32 40 41 16 
411 ȸ : 11 14 22 35 37 39 5 
412 ȸ : 4 7 39 41 42 45 40 
413 ȸ : 2 9 15 23 34 40 3 
414 ȸ : 2 14 15 22 23 44 43 
415 ȸ : 7 17 20 26 30 40 24 
416 ȸ : 5 6 8 11 22 26 44 
417 ȸ : 4 5 14 20 22 43 44 
418 ȸ : 11 13 15 26 28 34 31 
419 ȸ : 2 11 13 14 28 30 7 
420 ȸ : 4 9 10 29 31 34 27 
421 ȸ : 6 11 26 27 28 44 30 
422 ȸ : 8 15 19 21 34 44 12 
423 ȸ : 1 17 27 28 29 40 5 
424 ȸ : 10 11 26 31 34 44 30 
425 ȸ : 8 10 14 27 33 38 3 
426 ȸ : 4 17 18 27 39 43 19 
427 ȸ : 6 7 15 24 28 30 21 
428 ȸ : 12 16 19 22 37 40 8 
429 ȸ : 3 23 28 34 39 42 16 
430 ȸ : 1 3 16 18 30 34 44 
431 ȸ : 18 22 25 31 38 45 6 
432 ȸ : 2 3 5 11 27 39 33 
433 ȸ : 19 23 29 33 35 43 27 
434 ȸ : 3 13 20 24 33 37 35 
435 ȸ : 8 16 26 30 38 45 42 
436 ȸ : 9 14 20 22 33 34 28 
437 ȸ : 11 16 29 38 41 44 21 
438 ȸ : 6 12 20 26 29 38 45 
439 ȸ : 17 20 30 31 37 40 25 
440 ȸ : 10 22 28 34 36 44 2 
441 ȸ : 1 23 28 30 34 35 9 
442 ȸ : 25 27 29 36 38 40 41 
443 ȸ : 4 6 10 19 20 44 14 
444 ȸ : 11 13 23 35 43 45 17 
445 ȸ : 13 20 21 30 39 45 32 
446 ȸ : 1 11 12 14 26 35 6 
447 ȸ : 2 7 8 9 17 33 34 
448 ȸ : 3 7 13 27 40 41 36 
449 ȸ : 3 10 20 26 35 43 36 
450 ȸ : 6 14 19 21 23 31 13 
451 ȸ : 12 15 20 24 30 38 29 
452 ȸ : 8 10 18 30 32 34 27 
453 ȸ : 12 24 33 38 40 42 30 
454 ȸ : 13 25 27 34 38 41 10 
455 ȸ : 4 19 20 26 30 35 24 
456 ȸ : 1 7 12 18 23 27 44 
457 ȸ : 8 10 18 23 27 40 33 
458 ȸ : 4 9 10 32 36 40 18 
459 ȸ : 4 6 10 14 25 40 12 
460 ȸ : 8 11 28 30 43 45 41 
461 ȸ : 11 18 26 31 37 40 43 
462 ȸ : 3 20 24 32 37 45 4 
463 ȸ : 23 29 31 33 34 44 40 
464 ȸ : 6 12 15 34 42 44 4 
465 ȸ : 1 8 11 13 22 38 31 
466 ȸ : 4 10 13 23 32 44 20 
467 ȸ : 2 12 14 17 24 40 39 
468 ȸ : 8 13 15 28 37 43 17 
469 ȸ : 4 21 22 34 37 38 33 
470 ȸ : 10 16 20 39 41 42 27 
471 ȸ : 6 13 29 37 39 41 43 
472 ȸ : 16 25 26 31 36 43 44 
473 ȸ : 8 13 20 22 23 36 34 
474 ȸ : 4 13 18 31 33 45 43 
475 ȸ : 1 9 14 16 21 29 3 
476 ȸ : 9 12 13 15 37 38 27 
477 ȸ : 14 25 29 32 33 45 37 
478 ȸ : 18 29 30 37 39 43 8 
479 ȸ : 8 23 25 27 35 44 24 
480 ȸ : 3 5 10 17 30 31 16 
481 ȸ : 3 4 23 29 40 41 20 
482 ȸ : 1 10 16 24 25 35 43 
483 ȸ : 12 15 19 22 28 34 5 
484 ȸ : 1 3 27 28 32 45 11 
485 ȸ : 17 22 26 27 36 39 20 
486 ȸ : 1 2 23 25 38 40 43 
487 ȸ : 4 8 25 27 37 41 21 
488 ȸ : 2 8 17 30 31 38 25 
489 ȸ : 2 4 8 15 20 27 11 
490 ȸ : 2 7 26 29 40 43 42 
491 ȸ : 8 17 35 36 39 42 4 
492 ȸ : 22 27 31 35 37 40 42 
493 ȸ : 20 22 26 33 36 37 25 
494 ȸ : 5 7 8 15 30 43 22 
495 ȸ : 4 13 22 27 34 44 6 
496 ȸ : 4 13 20 29 36 41 39 
497 ȸ : 19 20 23 24 43 44 13 
498 ȸ : 13 14 24 32 39 41 3 
499 ȸ : 5 20 23 27 35 40 43 
500 ȸ : 3 4 12 20 24 34 41 
501 ȸ : 1 4 10 17 31 42 2 
502 ȸ : 6 22 28 32 34 40 26 
503 ȸ : 1 5 27 30 34 36 40 
504 ȸ : 6 14 22 26 43 44 31 
505 ȸ : 7 20 22 25 38 40 44 
506 ȸ : 6 9 11 22 24 30 31 
507 ȸ : 12 13 32 33 40 41 4 
508 ȸ : 5 27 31 34 35 43 37 
509 ȸ : 12 25 29 35 42 43 24 
510 ȸ : 12 29 32 33 39 40 42 
511 ȸ : 3 7 14 23 26 42 24 
512 ȸ : 4 5 9 13 26 27 1 
513 ȸ : 5 8 21 23 27 33 12 
514 ȸ : 1 15 20 26 35 42 9 
515 ȸ : 2 11 12 15 23 37 8 
516 ȸ : 2 8 23 41 43 44 30 
517 ȸ : 1 9 12 28 36 41 10 
518 ȸ : 14 23 30 32 34 38 6 
519 ȸ : 6 8 13 16 30 43 3 
520 ȸ : 4 22 27 28 38 40 1 
521 ȸ : 3 7 18 29 32 36 19 
522 ȸ : 4 5 13 14 37 41 11 
523 ȸ : 1 4 37 38 40 45 7 
524 ȸ : 10 11 29 38 41 45 21 
525 ȸ : 11 23 26 29 39 44 22 
526 ȸ : 7 14 17 20 35 39 31 
527 ȸ : 1 12 22 32 33 42 38 
528 ȸ : 5 17 25 31 39 40 10 
529 ȸ : 18 20 24 27 31 42 39 
530 ȸ : 16 23 27 29 33 41 22 
531 ȸ : 1 5 9 21 27 35 45 
532 ȸ : 16 17 23 24 29 44 3 
533 ȸ : 9 14 15 17 31 33 23 
534 ȸ : 10 24 26 29 37 38 32 
535 ȸ : 11 12 14 15 18 39 34 
536 ȸ : 7 8 18 32 37 43 12 
537 ȸ : 12 23 26 30 36 43 11 
538 ȸ : 6 10 18 31 32 34 11 
539 ȸ : 3 19 22 31 42 43 26 
540 ȸ : 3 12 13 15 34 36 14 
541 ȸ : 8 13 26 28 32 34 43 
542 ȸ : 5 6 19 26 41 45 34 
543 ȸ : 13 18 26 31 34 44 12 
544 ȸ : 5 17 21 25 36 44 10 
545 ȸ : 4 24 25 27 34 35 2 
546 ȸ : 8 17 20 27 37 43 6 
547 ȸ : 6 7 15 22 34 39 28 
548 ȸ : 1 12 13 21 32 45 14 
549 ȸ : 29 31 35 38 40 44 17 
550 ȸ : 1 7 14 20 34 37 41 
551 ȸ : 3 6 20 24 27 44 25 
552 ȸ : 1 10 20 32 35 40 43 
553 ȸ : 2 7 17 28 29 39 37 
554 ȸ : 13 14 17 32 41 42 6 
555 ȸ : 11 17 21 24 26 36 12 
556 ȸ : 12 20 23 28 30 44 43 
557 ȸ : 4 20 26 28 35 40 31 
558 ȸ : 12 15 19 26 40 43 29 
559 ȸ : 11 12 25 32 44 45 23 
560 ȸ : 1 4 20 23 29 45 28 
561 ȸ : 5 7 18 37 42 45 20 
562 ȸ : 4 11 13 17 20 31 33 
563 ȸ : 5 10 16 17 31 32 21 
564 ȸ : 14 19 25 26 27 34 2 
565 ȸ : 4 10 18 27 40 45 38 
566 ȸ : 4 5 6 25 26 43 41 
567 ȸ : 1 10 15 16 32 41 28 
568 ȸ : 1 3 17 20 31 44 40 
569 ȸ : 3 6 13 23 24 35 1 
570 ȸ : 1 12 26 27 29 33 42 
571 ȸ : 11 18 21 26 38 43 29 
572 ȸ : 3 13 18 33 37 45 1 
573 ȸ : 2 4 20 34 35 43 14 
574 ȸ : 14 15 16 19 25 43 2 
575 ȸ : 2 8 20 30 33 34 6 
576 ȸ : 10 11 15 25 35 41 13 
577 ȸ : 16 17 22 31 34 37 33 
578 ȸ : 5 12 14 32 34 42 16 
579 ȸ : 5 7 20 22 37 42 39 
580 ȸ : 5 7 9 11 32 35 33 
581 ȸ : 3 5 14 20 42 44 33 
582 ȸ : 2 12 14 33 40 41 25 
583 ȸ : 8 17 27 33 40 44 24 
584 ȸ : 7 18 30 39 40 41 36 
585 ȸ : 6 7 10 16 38 41 4 
586 ȸ : 2 7 12 15 21 34 5 
587 ȸ : 14 21 29 31 32 37 17 
588 ȸ : 2 8 15 22 25 41 30 
589 ȸ : 6 8 28 33 38 39 22 
590 ȸ : 20 30 36 38 41 45 23 
591 ȸ : 8 13 14 30 38 39 5 
592 ȸ : 2 5 6 13 28 44 43 
593 ȸ : 9 10 13 24 33 38 28 
594 ȸ : 2 8 13 25 28 37 3 
595 ȸ : 8 24 28 35 38 40 5 
596 ȸ : 3 4 12 14 25 43 17 
597 ȸ : 8 10 23 24 35 43 37 
598 ȸ : 4 12 24 33 38 45 22 
599 ȸ : 5 12 17 29 34 35 27 
600 ȸ : 5 11 14 27 29 36 44 
601 ȸ : 2 16 19 31 34 35 37 
602 ȸ : 13 14 22 27 30 38 2 
603 ȸ : 2 19 25 26 27 43 28 
604 ȸ : 2 6 18 21 33 34 30 
605 ȸ : 1 2 7 9 10 38 42 
606 ȸ : 1 5 6 14 20 39 22 
607 ȸ : 8 14 23 36 38 39 13 
608 ȸ : 4 8 18 19 39 44 41 
609 ȸ : 4 8 27 34 39 40 13 
610 ȸ : 14 18 20 23 28 36 33 
611 ȸ : 2 22 27 33 36 37 14 
612 ȸ : 6 9 18 19 25 33 40 
613 ȸ : 7 8 11 16 41 44 35 
614 ȸ : 8 21 25 39 40 44 18 
615 ȸ : 10 17 18 19 23 27 35 
616 ȸ : 5 13 18 23 40 45 3 
617 ȸ : 4 5 11 12 24 27 28 
618 ȸ : 8 16 25 30 42 43 15 
619 ȸ : 6 8 13 30 35 40 21 
620 ȸ : 2 16 17 32 39 45 40 
621 ȸ : 1 2 6 16 19 42 9 
622 ȸ : 9 15 16 21 28 34 24 
623 ȸ : 7 13 30 39 41 45 25 
624 ȸ : 1 7 19 26 27 35 16 
625 ȸ : 3 6 7 20 21 39 13 
626 ȸ : 13 14 26 33 40 43 15 
627 ȸ : 2 9 22 25 31 45 12 
628 ȸ : 1 7 12 15 23 42 11 
629 ȸ : 19 28 31 38 43 44 1 
630 ȸ : 8 17 21 24 27 31 15 
631 ȸ : 1 2 4 23 31 34 8 
632 ȸ : 15 18 21 32 35 44 6 
633 ȸ : 9 12 19 20 39 41 13 
634 ȸ : 4 10 11 12 20 27 38 
635 ȸ : 11 13 25 26 29 33 32 
636 ȸ : 6 7 15 16 20 31 26 
637 ȸ : 3 16 22 37 38 44 23 
638 ȸ : 7 18 22 24 31 34 6 
639 ȸ : 6 15 22 23 25 32 40 
640 ȸ : 14 15 18 21 26 35 23 
641 ȸ : 11 18 21 36 37 43 12 
642 ȸ : 8 17 18 24 39 45 32 
643 ȸ : 15 24 31 32 33 40 13 
644 ȸ : 5 13 17 23 28 36 8 
645 ȸ : 1 4 16 26 40 41 31 
646 ȸ : 2 9 24 41 43 45 30 
647 ȸ : 5 16 21 23 24 30 29 
648 ȸ : 13 19 28 37 38 43 4 
649 ȸ : 3 21 22 33 41 42 20 
650 ȸ : 3 4 7 11 31 41 35 
651 ȸ : 11 12 16 26 29 44 18 
652 ȸ : 3 13 15 40 41 44 20 
653 ȸ : 5 6 26 27 38 39 1 
654 ȸ : 16 21 26 31 36 43 6 
655 ȸ : 7 37 38 39 40 44 18 
656 ȸ : 3 7 14 16 31 40 39 
657 ȸ : 10 14 19 39 40 43 23 
658 ȸ : 8 19 25 28 32 36 37 
659 ȸ : 7 18 19 27 29 42 45 
660 ȸ : 4 9 23 33 39 44 14 
661 ȸ : 2 3 12 20 27 38 40 
662 ȸ : 5 6 9 11 15 37 26 
663 ȸ : 3 5 8 19 38 42 20 
664 ȸ : 10 20 33 36 41 44 5 
665 ȸ : 5 6 11 17 38 44 13 
666 ȸ : 2 4 6 11 17 28 16 
667 ȸ : 15 17 25 37 42 43 13 
668 ȸ : 12 14 15 24 27 32 3 
669 ȸ : 7 8 20 29 33 38 9 
670 ȸ : 11 18 26 27 40 41 25 
671 ȸ : 7 9 10 13 31 35 24 
672 ȸ : 8 21 28 31 36 45 43 
673 ȸ : 7 10 17 29 33 44 5 
674 ȸ : 9 10 14 25 27 31 11 
675 ȸ : 1 8 11 15 18 45 7 
676 ȸ : 1 8 17 34 39 45 27 
677 ȸ : 12 15 24 36 41 44 42 
678 ȸ : 4 5 6 12 25 37 45 
679 ȸ : 3 5 7 14 26 34 35 
680 ȸ : 4 10 19 29 32 42 30 
681 ȸ : 21 24 27 29 43 44 7 
682 ȸ : 17 23 27 35 38 43 2 
683 ȸ : 6 13 20 27 28 40 15 
684 ȸ : 1 11 15 17 25 39 40 
685 ȸ : 6 7 12 28 38 40 18 
686 ȸ : 7 12 15 24 25 43 13 
687 ȸ : 1 8 10 13 28 42 45 
688 ȸ : 5 15 22 23 34 35 2 
689 ȸ : 7 17 19 30 36 38 34 
690 ȸ : 24 25 33 34 38 39 43 
691 ȸ : 15 27 33 35 43 45 16 
692 ȸ : 3 11 14 15 32 36 44 
693 ȸ : 1 6 11 28 34 42 30 
694 ȸ : 7 15 20 25 33 43 12 
695 ȸ : 4 18 26 33 34 38 14 
696 ȸ : 1 7 16 18 34 38 21 
697 ȸ : 2 5 8 11 33 39 31 
698 ȸ : 3 11 13 21 33 37 18 
699 ȸ : 4 5 8 16 21 29 3 
700 ȸ : 11 23 28 29 30 44 13 
701 ȸ : 3 10 14 16 36 38 35 
702 ȸ : 3 13 16 24 26 29 9 
703 ȸ : 10 28 31 33 41 44 21 
704 ȸ : 1 4 8 23 33 42 45 
705 ȸ : 1 6 17 22 28 45 23 
706 ȸ : 3 4 6 10 28 30 37 
707 ȸ : 2 12 19 24 39 44 35 
708 ȸ : 2 10 16 19 34 45 1 
709 ȸ : 10 18 30 36 39 44 32 
710 ȸ : 3 4 9 24 25 33 10 
711 ȸ : 11 15 24 35 37 45 42 
712 ȸ : 17 20 30 31 33 45 19 
713 ȸ : 2 5 15 18 19 23 44 
714 ȸ : 1 7 22 33 37 40 20 
715 ȸ : 2 7 27 33 41 44 10 
716 ȸ : 2 6 13 16 29 30 21 
717 ȸ : 2 11 19 25 28 32 44 
718 ȸ : 4 11 20 23 32 39 40 
719 ȸ : 4 8 13 19 20 43 26 
720 ȸ : 1 12 29 34 36 37 41 
721 ȸ : 1 28 35 41 43 44 31 
722 ȸ : 12 14 21 30 39 43 45 
723 ȸ : 20 30 33 35 36 44 22 
724 ȸ : 2 8 33 35 37 41 14 
725 ȸ : 6 7 19 21 41 43 38 
726 ȸ : 1 11 21 23 34 44 24 
727 ȸ : 7 8 10 19 21 31 20 
728 ȸ : 3 6 10 30 34 37 36 
729 ȸ : 11 17 21 26 36 45 16 
730 ȸ : 4 10 14 15 18 22 39 
731 ȸ : 2 7 13 25 42 45 39 
732 ȸ : 2 4 5 17 27 32 43 
733 ȸ : 11 24 32 33 35 40 13 
734 ȸ : 6 16 37 38 41 45 18 
735 ȸ : 5 10 13 27 37 41 4 
736 ȸ : 2 11 17 18 21 27 6 
737 ȸ : 13 15 18 24 27 41 11 
738 ȸ : 23 27 28 38 42 43 36 
739 ȸ : 7 22 29 33 34 35 30 
740 ȸ : 4 8 9 16 17 19 31 
741 ȸ : 5 21 27 34 44 45 16 
742 ȸ : 8 10 13 36 37 40 6 
743 ȸ : 15 19 21 34 41 44 10 
744 ȸ : 10 15 18 21 34 41 43 
745 ȸ : 1 2 3 9 12 23 10 
746 ȸ : 3 12 33 36 42 45 25 
747 ȸ : 7 9 12 14 23 28 17 
748 ȸ : 3 10 13 22 31 32 29 
749 ȸ : 12 14 24 26 34 45 41 
750 ȸ : 1 2 15 19 24 36 12 
751 ȸ : 3 4 16 20 28 44 17 
752 ȸ : 4 16 20 33 40 43 7 
753 ȸ : 2 17 19 24 37 41 3 
754 ȸ : 2 8 17 24 29 31 32 
755 ȸ : 13 14 26 28 30 36 37 
756 ȸ : 10 14 16 18 27 28 4 
757 ȸ : 6 7 11 17 33 44 1 
758 ȸ : 5 9 12 30 39 43 24 
759 ȸ : 9 33 36 40 42 43 32 
760 ȸ : 10 22 27 31 42 43 12 
761 ȸ : 4 7 11 24 42 45 30 
762 ȸ : 1 3 12 21 26 41 16 
763 ȸ : 3 8 16 32 34 43 10 
764 ȸ : 7 22 24 31 34 36 15 
765 ȸ : 1 3 8 12 42 43 33 
766 ȸ : 9 30 34 35 39 41 21 
767 ȸ : 5 15 20 31 34 42 22 
768 ȸ : 7 27 29 30 38 44 4 
769 ȸ : 5 7 11 16 41 45 4 
770 ȸ : 1 9 12 23 39 43 34 
771 ȸ : 6 10 17 18 21 29 30 
772 ȸ : 5 6 11 14 21 41 32 
773 ȸ : 8 12 19 21 31 35 44 
774 ȸ : 12 15 18 28 34 42 9 
775 ȸ : 11 12 29 33 38 42 17 
776 ȸ : 8 9 18 21 28 40 20 
777 ȸ : 6 12 17 21 34 37 18 
778 ȸ : 6 21 35 36 37 41 11 
779 ȸ : 6 12 19 24 34 41 4 
780 ȸ : 15 17 19 21 27 45 16 
781 ȸ : 11 16 18 19 24 39 43 
782 ȸ : 6 18 31 34 38 45 20 
783 ȸ : 14 15 16 17 38 45 36 
784 ȸ : 3 10 23 24 31 39 22 
785 ȸ : 4 6 15 25 26 33 40 
786 ȸ : 12 15 16 20 24 30 38 
787 ȸ : 5 6 13 16 27 28 9 
788 ȸ : 2 10 11 19 35 39 29 
789 ȸ : 2 6 7 12 19 45 38 
790 ȸ : 3 8 19 27 30 41 12 
791 ȸ : 2 10 12 31 33 42 32 
792 ȸ : 2 7 19 25 29 36 16 
793 ȸ : 10 15 21 35 38 43 31 
794 ȸ : 6 7 18 19 30 38 13 
795 ȸ : 3 10 13 26 34 38 36 
796 ȸ : 1 21 26 36 40 41 5 
797 ȸ : 5 22 31 32 39 45 36 
798 ȸ : 2 10 14 22 32 36 41 
799 ȸ : 12 17 23 34 42 45 33 
800 ȸ : 1 4 10 12 28 45 26 
801 ȸ : 17 25 28 37 43 44 2 
802 ȸ : 10 11 12 18 24 42 27 
803 ȸ : 5 9 14 26 30 43 2 
804 ȸ : 1 10 13 26 32 36 9 
805 ȸ : 3 12 13 18 31 32 42 
806 ȸ : 14 20 23 31 37 38 27 
807 ȸ : 6 10 18 25 34 35 33 
808 ȸ : 15 21 31 32 41 43 24 
809 ȸ : 6 11 15 17 23 40 39 
810 ȸ : 5 10 13 21 39 43 11 
811 ȸ : 8 11 19 21 36 45 25 
812 ȸ : 1 3 12 14 16 43 10 
813 ȸ : 11 30 34 35 42 44 27 
814 ȸ : 2 21 28 38 42 45 30 
815 ȸ : 17 21 25 26 27 36 4 
816 ȸ : 12 18 19 29 31 39 7 
817 ȸ : 3 9 12 13 25 43 34 
818 ȸ : 14 15 25 28 29 30 3 
819 ȸ : 16 25 33 38 40 45 15 
820 ȸ : 10 21 22 30 35 42 6 
821 ȸ : 1 12 13 24 29 44 16 
822 ȸ : 9 18 20 24 27 36 12 
823 ȸ : 12 18 24 26 39 40 15 
824 ȸ : 7 9 24 29 34 38 26 
825 ȸ : 8 15 21 31 33 38 42 
826 ȸ : 13 16 24 25 33 36 42 
827 ȸ : 5 11 12 29 33 44 14 
828 ȸ : 4 7 13 29 31 39 18 
829 ȸ : 4 5 31 35 43 45 29 
830 ȸ : 5 6 16 18 37 38 17 
831 ȸ : 3 10 16 19 31 39 9 
832 ȸ : 13 14 19 26 40 43 30 
833 ȸ : 12 18 30 39 41 42 19 
834 ȸ : 6 8 18 35 42 43 3 
835 ȸ : 9 10 13 28 38 45 35 
836 ȸ : 1 9 11 14 26 28 19 
837 ȸ : 2 25 28 30 33 45 6 
838 ȸ : 9 14 17 33 36 38 20 
839 ȸ : 3 9 11 12 13 19 35 
840 ȸ : 2 4 11 28 29 43 27 
841 ȸ : 5 11 14 30 33 38 24 
842 ȸ : 14 26 32 36 39 42 38 
843 ȸ : 19 21 30 33 34 42 4 
844 ȸ : 7 8 13 15 33 45 18 
845 ȸ : 1 16 29 33 40 45 6 
846 ȸ : 5 18 30 41 43 45 13 
847 ȸ : 12 16 26 28 30 42 22 
848 ȸ : 1 2 16 22 38 39 34 
849 ȸ : 5 13 17 29 34 39 3 
850 ȸ : 16 20 24 28 36 39 5 
851 ȸ : 14 18 22 26 31 44 40 
852 ȸ : 11 17 28 30 33 35 9 
853 ȸ : 2 8 23 26 27 44 13 
854 ȸ : 20 25 31 32 36 43 3 
855 ȸ : 8 15 17 19 43 44 7 
856 ȸ : 10 24 40 41 43 44 17 
857 ȸ : 6 10 16 28 34 38 43 
858 ȸ : 9 13 32 38 39 43 23 
859 ȸ : 8 22 35 38 39 41 24 
860 ȸ : 4 8 18 25 27 32 42 
861 ȸ : 11 17 19 21 22 25 24 
862 ȸ : 10 34 38 40 42 43 32 
863 ȸ : 16 21 28 35 39 43 12 
864 ȸ : 3 7 10 13 25 36 32 
865 ȸ : 3 15 22 32 33 45 2 
866 ȸ : 9 15 29 34 37 39 12 
867 ȸ : 14 17 19 22 24 40 41 
868 ȸ : 12 17 28 41 43 44 25 
869 ȸ : 2 6 20 27 37 39 4 
870 ȸ : 21 25 30 32 40 42 31 
871 ȸ : 2 6 12 26 30 34 38 
872 ȸ : 2 4 30 32 33 43 29 
873 ȸ : 3 5 12 13 33 39 38 
874 ȸ : 1 15 19 23 28 42 32 
875 ȸ : 19 22 30 34 39 44 36 
876 ȸ : 5 16 21 26 34 42 24 
877 ȸ : 5 17 18 22 23 43 12 
878 ȸ : 2 6 11 16 25 31 3 
879 ȸ : 1 4 10 14 15 35 20 
880 ȸ : 7 17 19 23 24 45 38 
881 ȸ : 4 18 20 26 27 32 9 
882 ȸ : 18 34 39 43 44 45 23 
883 ȸ : 9 18 32 33 37 44 22 
884 ȸ : 4 14 23 28 37 45 17 
885 ȸ : 1 3 24 27 39 45 31 
886 ȸ : 19 23 28 37 42 45 2 
887 ȸ : 8 14 17 27 36 45 10 
888 ȸ : 3 7 12 31 34 38 32 
889 ȸ : 3 13 29 38 39 42 26 
890 ȸ : 1 4 14 18 29 37 6 
891 ȸ : 9 13 28 31 39 41 19 
892 ȸ : 4 9 17 18 26 42 36 
893 ȸ : 1 15 17 23 25 41 10 
894 ȸ : 19 32 37 40 41 43 45 
